# id	left	top	right	bottom	texture_id
[SPRITES]
# WALK RIGHT
100001	215	196	230	225	30
100002	255	196	270	225	30

# WALK LEFT
100003	125	196	140	225	30
100004	165	196	180	225	30

# DEFEND IN SHELL
100005	50	203	65	218	30
100006	14	203	30	218	30

# COMEBACK
100007	84	203	101	218	30

# GREEN KOOPA
# WALK RIGHT
100008	215	99	231	125	30
100009	255	98	271	125	30

# WALK LEFT
100010	125	98	141	125	30
100011	165	99	181	125	30

# DEFEND IN SHELL
100012	50	104	65	120	30

# BE KICKED
100013	14	104	30	120	30
100014	14	128	30	144	30
100015	14	154	30	170	30

# COMEBACK
100016	84	103	101	120	30

# FLYING GREEN KOOPA
# WALKING RIGHT
100017	215	148	231	175	30
100018	255	148	271	176	30
100019	295	149	311	175	30
100020	335	148	351	175	30

# WALKING LEFT
100021	165	148	181	175	30
100022	125	148	141	176	30
100023	85	149	101	175	30
100024	45	148	61	175	30

# ani_id	sprite1_id	time1	sprite2_id	time2	...
[ANIMATIONS]
# WALK RIGHT
16001	100001	100	100002	100

# WALK LEFT
16002	100003	100	100004	100

# DEFEND
16003	100005	100

# COMEBACK
16004	100005	100	100007	100

# BE KICKED
16005	100005	100	100006	100

# GREEN KOOPA
16006	100008	100	100009	100

16007	100010	100	100011	100

16008	100012	100

16009	100012	100	100016	100

16010	100013	100	100014	100	100015	100

# FLYING GREEN KOOPA

16011	100017	150	100018	150	100019	150	100020	150

16012	100021	150	100022	150	100023	150	100024	150